Temperature Matrix Including Boundary Points
   20    20    20    20    20   100   100   100   100   100   100   100    20    20    20    20    20    20 
   20 21.9484 24.624 29.4147 40.0812 68.7129 78.9934 82.9108 83.9695 82.9483 79.0741 68.8486 40.2933 29.7371 25.113 22.6983 21.1823    20 
   20 23.1816 27.1511 32.9877 42.2311 55.8281 64.3949 68.7416 70.0684 68.8125 64.5469 56.0834 42.6266 33.5841 28.042 24.5205 22.0396    20 
   20 23.645 27.8564 33.2056 40.1114 48.0513 54.1279 57.6854 58.873 57.7823 54.3352 48.3967 40.6427 33.9944 29.0141 25.336 22.4779    20 
   20 23.575 27.4746 31.961 37.0518 42.28 46.5041 49.1693 50.0931 49.2833 46.7464 42.6815 37.6611 32.8535 28.7547 25.3938 22.5605    20 
   20 23.2124 26.5865 30.2037 34.0044 37.651 40.6372 42.5601 43.2652 42.6817 40.8949 38.0735 34.6395 31.1168 27.8707 24.9844 22.4096    20 
   20 22.735 25.5275 28.3969 31.2452 33.8849 36.0106 37.411 37.9216 37.5321 36.2653 34.3002 31.8604 29.2696 26.7278 24.3523 22.1285    20 
   20 21.3865 22.7531 24.0602 25.274 26.317 27.1441 27.6732 27.8919 27.7614 27.3279 26.6088 25.6942 24.6309 23.5019 22.3354 21.1681    20 
   20 21.0568 22.0882 23.0734 23.9657 24.739 25.3312 25.7266 25.8769 25.8002 25.4832 24.98 24.3084 23.5356 22.6851 21.8047 20.9037    20 
   20 20.7872 21.5562 22.2783 22.9375 23.4912 23.9277 24.2035 24.3239 24.2626 24.0499 23.6829 23.2093 22.64 22.0201 21.3593 20.6844    20 
   20 20.5745 21.131 21.6573 22.1258 22.5284 22.8318 23.0366 23.1148 23.0826 22.9261 22.6765 22.3334 21.9326 21.4794 21.0017 20.5037    20 
   20 20.4057 20.8006 21.1676 21.5003 21.776 21.9933 22.1292 22.1914 22.1633 22.0636 21.8852 21.6536 21.3685 21.0542 20.7127 20.3602    20 
   20 20.2743 20.5388 20.788 21.0078 21.1961 21.3365 21.4323 21.4689 21.4564 21.3856 21.2727 21.1141 20.9276 20.713 20.4847 20.2442    20 
   20 20.1681 20.3315 20.4826 20.6192 20.7315 20.8203 20.8753 20.9014 20.8905 20.8514 20.7796 20.6863 20.5697 20.4404 20.2984 20.1511    20 
   20 20.08 20.157 20.2294 20.293 20.3475 20.3879 20.4156 20.4262 20.423 20.4029 20.3708 20.3251 20.2714 20.209 20.1423 20.0718    20 
   20    20    20    20    20    20    20    20    20    20    20    20    20    20    20    20    20    20 
   20 22.2396 24.4909 26.7243 28.8789 30.8031 32.3528 33.3557 33.747 33.4695 32.5918 31.1883 29.4447 27.5129 25.558 23.6428 21.8005    20 
   20 21.7845 23.5517 25.2783 26.8911 28.3192 29.4374 30.1794 30.4572 30.2819 29.6507 28.6617 27.3872 25.9626 24.46 22.9582 21.4695    20 
